 1.267e+01  3.333e+00  3.333e+00  1.667e-01 -1.667e-01  0.000e+00 -8.333e-02  0.000e+00 -1.667e-01 -8.333e-02  0.000e+00  0.000e+00                                             
 3.333e+00  1.300e+01  1.667e-01  3.500e+00 -6.333e+00 -1.667e-01 -3.167e+00 -8.333e-02 -8.333e-02 -1.667e-01  0.000e+00  0.000e+00                                             
 3.333e+00  1.667e-01  1.300e+01  3.500e+00 -8.333e-02  0.000e+00 -1.667e-01  0.000e+00 -6.333e+00 -3.167e+00 -1.667e-01 -8.333e-02                                             
 1.667e-01  3.500e+00  3.500e+00  1.333e+01 -3.167e+00 -8.333e-02 -6.333e+00 -1.667e-01 -3.167e+00 -6.333e+00 -8.333e-02 -1.667e-01                                             
-1.667e-01 -6.333e+00 -8.333e-02 -3.167e+00  1.300e+01  3.333e+00  3.500e+00  1.667e-01                                             -1.667e-01 -8.333e-02  0.000e+00  0.000e+00 
 0.000e+00 -1.667e-01  0.000e+00 -8.333e-02  3.333e+00  1.267e+01  1.667e-01  3.333e+00                                             -8.333e-02 -1.667e-01  0.000e+00  0.000e+00 
-8.333e-02 -3.167e+00 -1.667e-01 -6.333e+00  3.500e+00  1.667e-01  1.333e+01  3.500e+00                                             -6.333e+00 -3.167e+00 -1.667e-01 -8.333e-02 
 0.000e+00 -8.333e-02  0.000e+00 -1.667e-01  1.667e-01  3.333e+00  3.500e+00  1.300e+01                                             -3.167e+00 -6.333e+00 -8.333e-02 -1.667e-01 
-1.667e-01 -8.333e-02 -6.333e+00 -3.167e+00                                              1.300e+01  3.500e+00  3.333e+00  1.667e-01 -1.667e-01  0.000e+00 -8.333e-02  0.000e+00 
-8.333e-02 -1.667e-01 -3.167e+00 -6.333e+00                                              3.500e+00  1.333e+01  1.667e-01  3.500e+00 -6.333e+00 -1.667e-01 -3.167e+00 -8.333e-02 
 0.000e+00  0.000e+00 -1.667e-01 -8.333e-02                                              3.333e+00  1.667e-01  1.267e+01  3.333e+00 -8.333e-02  0.000e+00 -1.667e-01  0.000e+00 
 0.000e+00  0.000e+00 -8.333e-02 -1.667e-01                                              1.667e-01  3.500e+00  3.333e+00  1.300e+01 -3.167e+00 -8.333e-02 -6.333e+00 -1.667e-01 
                                            -1.667e-01 -8.333e-02 -6.333e+00 -3.167e+00 -1.667e-01 -6.333e+00 -8.333e-02 -3.167e+00  1.333e+01  3.500e+00  3.500e+00  1.667e-01 
                                            -8.333e-02 -1.667e-01 -3.167e+00 -6.333e+00  0.000e+00 -1.667e-01  0.000e+00 -8.333e-02  3.500e+00  1.300e+01  1.667e-01  3.333e+00 
                                             0.000e+00  0.000e+00 -1.667e-01 -8.333e-02 -8.333e-02 -3.167e+00 -1.667e-01 -6.333e+00  3.500e+00  1.667e-01  1.300e+01  3.333e+00 
                                             0.000e+00  0.000e+00 -8.333e-02 -1.667e-01  0.000e+00 -8.333e-02  0.000e+00 -1.667e-01  1.667e-01  3.333e+00  3.333e+00  1.267e+01 
